# BEGIN PLOT
DrawOnly=powheg madgraph sherpa herwig gosam-h1j-nlo gosam-h1j-loopsim nnlo-hj 
Legend=1
LegendXPos=0.45
LogY=1
PlotSize=10,8
RatioPlot=0
RatioPlot1=1
RatioPlot1DrawOnly=powheg madgraph sherpa herwig nnlo-hj 
RatioPlot1Reference=nnlo-hj
RatioPlot1SameStyle=1
RatioPlot1YLabel=Ratio to \texttt{Powheg}
RatioPlot1YMajorTickMarks=20
RatioPlot1YMax=1.4999
RatioPlot1YMin=0.5001
RatioPlot1YSize=4
RatioPlot2=1
RatioPlot2DrawOnly=powheg gosam-h1j-nlo gosam-h1j-loopsim nnlo-hj 
RatioPlot2Reference=nnlo-hj
RatioPlot2SameStyle=1
RatioPlot2YLabel=Ratio to hj \textsc{Nnlo}
RatioPlot2YMajorTickMarks=20
RatioPlot2YMax=1.4999
RatioPlot2YMin=0.5001
RatioPlot2YSize=4
RatioPlotReference=/home/marek/work/LH15/Sherpa-GoSamComparison/BFGLP-NNLO/H1j_NNLO_m1sumpt2_BFGLP.yoda/MC_HJETS_LH15/jet1_pT_incl
Title=Leading jet transverse momentum ($n_j\ge 1$)
XLabel=$p_\perp(j_1)$ [GeV]
XMax=200
XTwosidedTicks=1
YLabel=d$\sigma$/d$p_\perp$ [pb/GeV]
YTwosidedTicks=1
# END PLOT

# BEGIN HISTOGRAM /home/marek/work/LH15/Sherpa-GoSamComparison/BFGLP-NNLO/H1j_NNLO_m1sumpt2_BFGLP.yoda/MC_HJETS_LH15/jet1_pT_incl
ErrorBandColor=white!50!black
ErrorBandOpacity=0.3
ErrorBands=1
ErrorTubeLineColor=white!50!black
ErrorTubes=1
LegendOrder=2
LineColor=white!40!black
LineStyle=solid
LineWidth=1.5pt
Name=nnlo-hj
Path=/home/marek/work/LH15/Sherpa-GoSamComparison/BFGLP-NNLO/H1j_NNLO_m1sumpt2_BFGLP.yoda/MC_HJETS_LH15/jet1_pT_incl
Title=BFGLP hj \textsc{Nnlo}
# xlow	 xhigh	 val	 errminus	 errplus
0.000000e+00	5.000000e+00	0.000000e+00	0.000000e+00	0.000000e+00
5.000000e+00	1.000000e+01	0.000000e+00	0.000000e+00	0.000000e+00
1.000000e+01	1.500000e+01	0.000000e+00	0.000000e+00	0.000000e+00
1.500000e+01	2.000000e+01	0.000000e+00	0.000000e+00	0.000000e+00
2.000000e+01	2.500000e+01	0.000000e+00	0.000000e+00	0.000000e+00
2.500000e+01	3.000000e+01	0.000000e+00	0.000000e+00	0.000000e+00
3.000000e+01	3.500000e+01	3.771880e-01	-2.090300e-02	0.000000e+00
3.500000e+01	4.000000e+01	3.118480e-01	-7.689000e-03	0.000000e+00
4.000000e+01	4.500000e+01	2.624730e-01	-1.102100e-02	0.000000e+00
4.500000e+01	5.000000e+01	2.196180e-01	-9.159000e-03	0.000000e+00
5.000000e+01	5.500000e+01	1.861770e-01	-7.105000e-03	0.000000e+00
5.500000e+01	6.000000e+01	1.588100e-01	-6.290000e-03	-2.165000e-03
6.000000e+01	6.500000e+01	1.377040e-01	-8.504000e-03	0.000000e+00
6.500000e+01	7.000000e+01	1.171280e-01	-5.309000e-03	-4.965000e-03
7.000000e+01	7.500000e+01	1.030850e-01	-5.716000e-03	-1.948000e-03
7.500000e+01	8.000000e+01	8.923000e-02	-5.512000e-03	-2.957000e-03
8.000000e+01	8.500000e+01	7.861600e-02	-5.013000e-03	-7.730000e-04
8.500000e+01	9.000000e+01	6.849000e-02	-3.995000e-03	-3.044000e-03
9.000000e+01	9.500000e+01	5.945100e-02	-2.941000e-03	-1.239000e-03
9.500000e+01	1.000000e+02	5.297600e-02	-3.021000e-03	-3.958000e-03
1.000000e+02	1.100000e+02	4.463450e-02	-2.586000e-03	-8.740000e-04
1.100000e+02	1.200000e+02	3.467350e-02	-1.925000e-03	-1.688000e-03
1.200000e+02	1.300000e+02	2.808600e-02	-1.852500e-03	-1.287500e-03
1.300000e+02	1.400000e+02	2.255200e-02	-1.255000e-03	-6.890000e-04
1.400000e+02	1.500000e+02	1.833750e-02	-1.097500e-03	-1.091500e-03
1.500000e+02	1.600000e+02	1.501100e-02	-1.006000e-03	-6.640000e-04
1.600000e+02	1.700000e+02	1.270500e-02	-1.235000e-03	-5.675000e-04
1.700000e+02	1.800000e+02	1.003600e-02	-4.610000e-04	-7.015000e-04
1.800000e+02	1.900000e+02	8.531500e-03	-4.100000e-04	-3.365000e-04
1.900000e+02	2.000000e+02	7.125000e-03	-2.525000e-04	-3.520000e-04
# END HISTOGRAM

# BEGIN HISTOGRAM /home/marek/work/LH15/Sherpa-GoSamComparison/PowhegNNLOPS/PowhegNNLOPS_Pythia8_M1250_MMHT14_13TeV_envelope.yoda/MC_HJETS_LH15/jet1_pT_incl
ErrorBandColor=black!30!white
ErrorBandOpacity=0.1
ErrorBandStyle=hlines
ErrorBands=1
ErrorTubeLineColor=black!40!white
ErrorTubes=1
LegendOrder=3
LineColor=black
LineStyle=solid
LineWidth=1.5pt
Name=powheg
Path=/home/marek/work/LH15/Sherpa-GoSamComparison/PowhegNNLOPS/PowhegNNLOPS_Pythia8_M1250_MMHT14_13TeV_envelope.yoda/MC_HJETS_LH15/jet1_pT_incl
Scale=438.596491228
Title=\texttt{Powheg} \textsc{NnloPs}
# xlow	 xhigh	 val	 errminus	 errplus
0.000000e+00	5.000000e+00	0.000000e+00	0.000000e+00	0.000000e+00
5.000000e+00	1.000000e+01	0.000000e+00	0.000000e+00	0.000000e+00
1.000000e+01	1.500000e+01	0.000000e+00	0.000000e+00	0.000000e+00
1.500000e+01	2.000000e+01	0.000000e+00	0.000000e+00	0.000000e+00
2.000000e+01	2.500000e+01	0.000000e+00	0.000000e+00	0.000000e+00
2.500000e+01	3.000000e+01	0.000000e+00	0.000000e+00	0.000000e+00
3.000000e+01	3.500000e+01	1.104942e-03	1.239244e-04	1.534416e-04
3.500000e+01	4.000000e+01	9.039504e-04	1.031748e-04	1.158586e-04
4.000000e+01	4.500000e+01	7.403166e-04	8.892840e-05	9.049960e-05
4.500000e+01	5.000000e+01	6.132966e-04	7.614120e-05	7.329920e-05
5.000000e+01	5.500000e+01	5.073118e-04	6.695060e-05	6.053580e-05
5.500000e+01	6.000000e+01	4.303400e-04	5.840060e-05	5.196640e-05
6.000000e+01	6.500000e+01	3.601124e-04	5.178040e-05	4.850680e-05
6.500000e+01	7.000000e+01	3.087666e-04	4.608000e-05	4.323100e-05
7.000000e+01	7.500000e+01	2.604822e-04	4.063580e-05	3.927100e-05
7.500000e+01	8.000000e+01	2.273262e-04	3.653046e-05	3.511380e-05
8.000000e+01	8.500000e+01	1.956981e-04	3.289350e-05	3.300550e-05
8.500000e+01	9.000000e+01	1.689885e-04	2.873056e-05	2.815876e-05
9.000000e+01	9.500000e+01	1.472071e-04	2.555286e-05	2.520634e-05
9.500000e+01	1.000000e+02	1.305262e-04	2.312036e-05	2.304694e-05
1.000000e+02	1.100000e+02	1.066523e-04	1.947497e-05	2.032570e-05
1.100000e+02	1.200000e+02	8.307760e-05	1.541978e-05	1.606150e-05
1.200000e+02	1.300000e+02	6.582848e-05	1.239155e-05	1.488800e-05
1.300000e+02	1.400000e+02	5.296930e-05	9.986480e-06	1.189966e-05
1.400000e+02	1.500000e+02	4.271975e-05	8.127270e-06	9.483970e-06
1.500000e+02	1.600000e+02	3.497186e-05	6.600480e-06	7.536740e-06
1.600000e+02	1.700000e+02	2.863536e-05	5.433760e-06	6.173420e-06
1.700000e+02	1.800000e+02	2.356195e-05	4.506310e-06	5.140790e-06
1.800000e+02	1.900000e+02	2.008060e-05	3.887970e-06	4.529840e-06
1.900000e+02	2.000000e+02	1.675410e-05	3.248180e-06	3.689220e-06
# END HISTOGRAM

# BEGIN HISTOGRAM /home/marek/work/LH15/Sherpa-GoSamComparison/MG5aMC/MG5aMC_envelope.yoda/MC_HJETS_LH15/jet1_pT_incl
ErrorBandColor=green!50!white
ErrorBandOpacity=0.4
ErrorBandStyle=vlines
ErrorBands=1
ErrorTubeLineColor=green!70!white
ErrorTubes=1
LegendOrder=4
LineColor=green!70!black
LineStyle=solid
LineWidth=1.5pt
Name=madgraph
Path=/home/marek/work/LH15/Sherpa-GoSamComparison/MG5aMC/MG5aMC_envelope.yoda/MC_HJETS_LH15/jet1_pT_incl
Title=\texttt{MG5\_aMC} \textsc{FxFx}
# xlow	 xhigh	 val	 errminus	 errplus
0.000000e+00	5.000000e+00	0.000000e+00	0.000000e+00	0.000000e+00
5.000000e+00	1.000000e+01	0.000000e+00	0.000000e+00	0.000000e+00
1.000000e+01	1.500000e+01	0.000000e+00	0.000000e+00	0.000000e+00
1.500000e+01	2.000000e+01	0.000000e+00	0.000000e+00	0.000000e+00
2.000000e+01	2.500000e+01	0.000000e+00	0.000000e+00	0.000000e+00
2.500000e+01	3.000000e+01	0.000000e+00	0.000000e+00	0.000000e+00
3.000000e+01	3.500000e+01	3.481214e-01	7.065160e-02	1.331306e-01
3.500000e+01	4.000000e+01	2.874180e-01	6.061380e-02	1.092588e-01
4.000000e+01	4.500000e+01	2.600302e-01	7.442238e-02	7.714040e-02
4.500000e+01	5.000000e+01	2.170774e-01	6.331572e-02	6.518400e-02
5.000000e+01	5.500000e+01	1.833143e-01	5.493322e-02	5.083386e-02
5.500000e+01	6.000000e+01	1.560970e-01	4.757544e-02	4.165204e-02
6.000000e+01	6.500000e+01	1.321740e-01	3.595850e-02	3.343402e-02
6.500000e+01	7.000000e+01	1.177817e-01	2.923786e-02	3.103870e-02
7.000000e+01	7.500000e+01	1.003298e-01	2.391068e-02	2.591864e-02
7.500000e+01	8.000000e+01	8.741946e-02	2.257464e-02	2.280448e-02
8.000000e+01	8.500000e+01	7.717432e-02	1.852888e-02	2.305012e-02
8.500000e+01	9.000000e+01	6.574582e-02	1.514842e-02	1.725592e-02
9.000000e+01	9.500000e+01	5.828318e-02	1.297588e-02	1.973756e-02
9.500000e+01	1.000000e+02	5.178004e-02	1.176686e-02	1.440188e-02
1.000000e+02	1.100000e+02	4.323532e-02	9.756370e-03	1.174834e-02
1.100000e+02	1.200000e+02	3.485051e-02	9.294360e-03	9.793330e-03
1.200000e+02	1.300000e+02	2.746784e-02	6.318400e-03	7.550200e-03
1.300000e+02	1.400000e+02	2.285166e-02	5.610530e-03	6.141240e-03
1.400000e+02	1.500000e+02	1.839007e-02	4.804620e-03	4.900440e-03
1.500000e+02	1.600000e+02	1.409372e-02	3.003800e-03	5.673410e-03
1.600000e+02	1.700000e+02	1.249992e-02	3.317026e-03	3.375230e-03
1.700000e+02	1.800000e+02	1.061827e-02	3.029606e-03	2.679590e-03
1.800000e+02	1.900000e+02	8.677980e-03	1.759415e-03	3.293550e-03
1.900000e+02	2.000000e+02	7.542593e-03	1.884006e-03	2.155673e-03
# END HISTOGRAM

# BEGIN HISTOGRAM /home/marek/work/LH15/Sherpa-GoSamComparison/Sherpa-l3-n3-newII/pphjets-l3-n3.yoda/MC_HJETS_LH15/jet1_pT_incl
LegendOrder=5
LineColor=blue!80!white
LineStyle=solid
LineWidth=1.5pt
Name=sherpa
Path=/home/marek/work/LH15/Sherpa-GoSamComparison/Sherpa-l3-n3-newII/pphjets-l3-n3.yoda/MC_HJETS_LH15/jet1_pT_incl
ScaledBy=1.3462188918262637e-08
Title=\textsc{Sherpa} \textsc{MePs@Nlo}
# xlow	 xhigh	 val	 errminus	 errplus
0.000000e+00	5.000000e+00	0.000000e+00	0.000000e+00	0.000000e+00
5.000000e+00	1.000000e+01	0.000000e+00	0.000000e+00	0.000000e+00
1.000000e+01	1.500000e+01	0.000000e+00	0.000000e+00	0.000000e+00
1.500000e+01	2.000000e+01	0.000000e+00	0.000000e+00	0.000000e+00
2.000000e+01	2.500000e+01	0.000000e+00	0.000000e+00	0.000000e+00
2.500000e+01	3.000000e+01	0.000000e+00	0.000000e+00	0.000000e+00
3.000000e+01	3.500000e+01	4.789612e-01	3.130532e-03	3.130532e-03
3.500000e+01	4.000000e+01	3.844220e-01	3.867376e-03	3.867376e-03
4.000000e+01	4.500000e+01	3.146724e-01	2.984119e-03	2.984119e-03
4.500000e+01	5.000000e+01	2.554068e-01	2.885843e-03	2.885843e-03
5.000000e+01	5.500000e+01	2.098674e-01	2.918825e-03	2.918825e-03
5.500000e+01	6.000000e+01	1.789684e-01	4.681525e-03	4.681525e-03
6.000000e+01	6.500000e+01	1.485748e-01	2.607506e-03	2.607506e-03
6.500000e+01	7.000000e+01	1.226401e-01	2.455098e-03	2.455098e-03
7.000000e+01	7.500000e+01	1.028837e-01	2.623450e-03	2.623450e-03
7.500000e+01	8.000000e+01	8.770174e-02	2.596228e-03	2.596228e-03
8.000000e+01	8.500000e+01	7.695500e-02	1.945662e-03	1.945662e-03
8.500000e+01	9.000000e+01	6.920658e-02	1.813002e-03	1.813002e-03
9.000000e+01	9.500000e+01	6.221194e-02	1.609368e-03	1.609368e-03
9.500000e+01	1.000000e+02	5.387346e-02	1.507246e-03	1.507246e-03
1.000000e+02	1.100000e+02	4.528830e-02	1.065378e-03	1.065378e-03
1.100000e+02	1.200000e+02	3.450437e-02	1.697503e-03	1.697503e-03
1.200000e+02	1.300000e+02	2.832125e-02	7.600237e-04	7.600237e-04
1.300000e+02	1.400000e+02	2.432331e-02	6.685740e-04	6.685740e-04
1.400000e+02	1.500000e+02	1.918008e-02	9.892278e-04	9.892278e-04
1.500000e+02	1.600000e+02	1.490955e-02	5.085795e-04	5.085795e-04
1.600000e+02	1.700000e+02	1.348635e-02	4.566631e-04	4.566631e-04
1.700000e+02	1.800000e+02	1.055927e-02	8.216378e-04	8.216378e-04
1.800000e+02	1.900000e+02	9.418589e-03	4.117169e-04	4.117169e-04
1.900000e+02	2.000000e+02	8.005222e-03	3.976129e-04	3.976129e-04
# END HISTOGRAM

# BEGIN HISTOGRAM /home/marek/work/LH15/Sherpa-GoSamComparison/Herwig/herwig-envelope.yoda/MC_HJETS_LH15/jet1_pT_incl
ErrorBandColor=RawSienna!20!white
ErrorBandOpacity=0.4
ErrorBandStyle=crosshatch
ErrorBands=1
ErrorTubeLineColor=RawSienna!50!white
ErrorTubes=1
LegendOrder=6
LineColor=RawSienna
LineStyle=solid
LineWidth=1.5pt
Name=herwig
Path=/home/marek/work/LH15/Sherpa-GoSamComparison/Herwig/herwig-envelope.yoda/MC_HJETS_LH15/jet1_pT_incl
Title=\textsc{Herwig}7
# xlow	 xhigh	 val	 errminus	 errplus
0.000000e+00	5.000000e+00	0.000000e+00	0.000000e+00	0.000000e+00
5.000000e+00	1.000000e+01	0.000000e+00	0.000000e+00	0.000000e+00
1.000000e+01	1.500000e+01	0.000000e+00	0.000000e+00	0.000000e+00
1.500000e+01	2.000000e+01	0.000000e+00	0.000000e+00	0.000000e+00
2.000000e+01	2.500000e+01	0.000000e+00	0.000000e+00	0.000000e+00
2.500000e+01	3.000000e+01	0.000000e+00	0.000000e+00	0.000000e+00
3.000000e+01	3.500000e+01	4.786598e-01	3.752020e-02	4.009880e-02
3.500000e+01	4.000000e+01	3.831578e-01	2.843920e-02	5.044540e-02
4.000000e+01	4.500000e+01	3.161160e-01	1.716580e-02	6.987380e-02
4.500000e+01	5.000000e+01	2.660318e-01	2.530940e-02	3.642240e-02
5.000000e+01	5.500000e+01	2.269642e-01	2.677900e-02	2.266880e-02
5.500000e+01	6.000000e+01	1.932732e-01	7.644826e-02	0.000000e+00
6.000000e+01	6.500000e+01	1.606297e-01	1.888908e-02	2.043798e-02
6.500000e+01	7.000000e+01	1.275631e-01	1.428146e-02	2.128146e-02
7.000000e+01	7.500000e+01	1.090524e-01	7.579840e-03	1.816380e-02
7.500000e+01	8.000000e+01	1.011993e-01	1.413558e-02	1.190418e-02
8.000000e+01	8.500000e+01	7.967076e-02	6.570180e-03	1.370590e-02
8.500000e+01	9.000000e+01	7.280770e-02	9.442840e-03	1.171598e-02
9.000000e+01	9.500000e+01	6.008896e-02	6.133040e-03	1.465206e-02
9.500000e+01	1.000000e+02	5.558548e-02	4.877920e-03	3.321860e-03
1.000000e+02	1.100000e+02	4.374343e-02	3.557590e-03	8.573420e-03
1.100000e+02	1.200000e+02	3.428825e-02	3.973320e-03	7.367310e-03
1.200000e+02	1.300000e+02	2.789397e-02	3.530470e-03	3.474130e-03
1.300000e+02	1.400000e+02	2.155695e-02	1.990680e-03	6.045800e-03
1.400000e+02	1.500000e+02	1.718236e-02	1.902280e-03	3.869090e-03
1.500000e+02	1.600000e+02	1.361220e-02	1.643800e-04	3.014180e-03
1.600000e+02	1.700000e+02	1.128893e-02	6.285600e-04	2.661480e-03
1.700000e+02	1.800000e+02	1.119544e-02	3.925159e-03	1.284600e-03
1.800000e+02	1.900000e+02	7.802778e-03	8.320570e-04	1.640008e-03
1.900000e+02	2.000000e+02	7.483585e-03	1.555311e-03	7.600070e-04
# END HISTOGRAM

# BEGIN HISTOGRAM /home/marek/work/LH15/Sherpa-GoSamComparison/HEJ/HEJ-envelope.yoda/MC_HJETS_LH15/jet1_pT_incl
ErrorBandColor=purple!30!white
ErrorBandOpacity=0.4
ErrorBandStyle=vlines,hatchangle=90
ErrorBands=1
ErrorTubeLineColor=purple!60!white
ErrorTubeLineStyle=solid
ErrorTubes=1
LegendOrder=7
LineColor=purple!70!black
LineStyle=dotted
LineWidth=2pt
Name=hej
Path=/home/marek/work/LH15/Sherpa-GoSamComparison/HEJ/HEJ-envelope.yoda/MC_HJETS_LH15/jet1_pT_incl
Scale=438.596491228
Title=\textsc{Hej}
# xlow	 xhigh	 val	 errminus	 errplus
0.000000e+00	5.000000e+00	0.000000e+00	0.000000e+00	0.000000e+00
5.000000e+00	1.000000e+01	0.000000e+00	0.000000e+00	0.000000e+00
1.000000e+01	1.500000e+01	0.000000e+00	0.000000e+00	0.000000e+00
1.500000e+01	2.000000e+01	0.000000e+00	0.000000e+00	0.000000e+00
2.000000e+01	2.500000e+01	0.000000e+00	0.000000e+00	0.000000e+00
2.500000e+01	3.000000e+01	0.000000e+00	0.000000e+00	0.000000e+00
3.000000e+01	3.500000e+01	2.370728e-05	4.531836e-06	6.137780e-06
3.500000e+01	4.000000e+01	5.254766e-05	1.038278e-05	1.438232e-05
4.000000e+01	4.500000e+01	6.698826e-05	1.354528e-05	1.897648e-05
4.500000e+01	5.000000e+01	7.306884e-05	1.497654e-05	2.101384e-05
5.000000e+01	5.500000e+01	7.460166e-05	1.550756e-05	2.193442e-05
5.500000e+01	6.000000e+01	7.329590e-05	1.534076e-05	2.164036e-05
6.000000e+01	6.500000e+01	7.050660e-05	1.483818e-05	2.093048e-05
6.500000e+01	7.000000e+01	6.709320e-05	1.420146e-05	2.000130e-05
7.000000e+01	7.500000e+01	6.330752e-05	1.349506e-05	1.906428e-05
7.500000e+01	8.000000e+01	5.935710e-05	1.269412e-05	1.788526e-05
8.000000e+01	8.500000e+01	5.564588e-05	1.198676e-05	1.693650e-05
8.500000e+01	9.000000e+01	5.187748e-05	1.121590e-05	1.584334e-05
9.000000e+01	9.500000e+01	4.830184e-05	1.047124e-05	1.477524e-05
9.500000e+01	1.000000e+02	4.505466e-05	9.821880e-06	1.389012e-05
1.000000e+02	1.100000e+02	4.052092e-05	8.898630e-06	1.260778e-05
1.100000e+02	1.200000e+02	3.514410e-05	7.775600e-06	1.103487e-05
1.200000e+02	1.300000e+02	3.053902e-05	6.820160e-06	9.715230e-06
1.300000e+02	1.400000e+02	2.655715e-05	5.964450e-06	8.506810e-06
1.400000e+02	1.500000e+02	2.321065e-05	5.255380e-06	7.523710e-06
1.500000e+02	1.600000e+02	2.034737e-05	4.647320e-06	6.678790e-06
1.600000e+02	1.700000e+02	1.779336e-05	4.079890e-06	5.861440e-06
1.700000e+02	1.800000e+02	1.571885e-05	3.630460e-06	5.229320e-06
1.800000e+02	1.900000e+02	1.382262e-05	3.211800e-06	4.641170e-06
1.900000e+02	2.000000e+02	1.223772e-05	2.861043e-06	4.143620e-06
# END HISTOGRAM

# BEGIN HISTOGRAM /home/marek/work/LH15/Sherpa-GoSamComparison/GoSamSimon_FixedOrder/H1j/histograms_6500_pt25.0_eta4.5_MMHT2014nlo68cl_MC_HJETS_LH15-jpt30_je4.4_R0.4/m1hthat-env-l_s0-NLO.yoda/MC_HJETS_LH15/jet1_pT_incl
ErrorBandColor=yellow
ErrorBandOpacity=0.3
ErrorBands=1
ErrorTubeLineColor=yellow!50!black
ErrorTubeLineStyle=solid
ErrorTubes=1
LegendOrder=8
LineColor=yellow!50!black
LineStyle=dashed
LineWidth=1.5pt
Name=gosam-h1j-nlo
Path=/home/marek/work/LH15/Sherpa-GoSamComparison/GoSamSimon_FixedOrder/H1j/histograms_6500_pt25.0_eta4.5_MMHT2014nlo68cl_MC_HJETS_LH15-jpt30_je4.4_R0.4/m1hthat-env-l_s0-NLO.yoda/MC_HJETS_LH15/jet1_pT_incl
Title=\textsc{GoSam+Sherpa} hj NLO
# xlow	 xhigh	 val	 errminus	 errplus
0.000000e+00	5.000000e+00	0.000000e+00	0.000000e+00	0.000000e+00
5.000000e+00	1.000000e+01	0.000000e+00	0.000000e+00	0.000000e+00
1.000000e+01	1.500000e+01	0.000000e+00	0.000000e+00	0.000000e+00
1.500000e+01	2.000000e+01	0.000000e+00	0.000000e+00	0.000000e+00
2.000000e+01	2.500000e+01	0.000000e+00	0.000000e+00	0.000000e+00
2.500000e+01	3.000000e+01	0.000000e+00	0.000000e+00	0.000000e+00
3.000000e+01	3.500000e+01	4.265588e-01	6.295900e-02	6.035880e-02
3.500000e+01	4.000000e+01	3.424606e-01	5.162380e-02	5.032100e-02
4.000000e+01	4.500000e+01	2.821284e-01	4.370320e-02	4.377960e-02
4.500000e+01	5.000000e+01	2.318028e-01	3.584692e-02	3.561560e-02
5.000000e+01	5.500000e+01	1.969914e-01	3.119712e-02	3.179738e-02
5.500000e+01	6.000000e+01	1.666873e-01	2.662354e-02	2.734638e-02
6.000000e+01	6.500000e+01	1.415520e-01	2.253564e-02	2.270848e-02
6.500000e+01	7.000000e+01	1.205150e-01	1.902350e-02	1.871922e-02
7.000000e+01	7.500000e+01	1.037717e-01	1.634228e-02	1.587756e-02
7.500000e+01	8.000000e+01	9.048028e-02	1.437422e-02	1.408772e-02
8.000000e+01	8.500000e+01	7.912270e-02	1.252660e-02	1.212354e-02
8.500000e+01	9.000000e+01	6.885372e-02	1.083300e-02	1.036410e-02
9.000000e+01	9.500000e+01	6.069844e-02	9.563760e-03	9.145400e-03
9.500000e+01	1.000000e+02	5.303848e-02	8.223500e-03	7.626520e-03
1.000000e+02	1.100000e+02	4.477239e-02	7.017480e-03	6.581120e-03
1.100000e+02	1.200000e+02	3.503707e-02	5.373830e-03	4.836280e-03
1.200000e+02	1.300000e+02	2.804436e-02	4.270730e-03	3.754240e-03
1.300000e+02	1.400000e+02	2.248595e-02	3.368080e-03	2.835220e-03
1.400000e+02	1.500000e+02	1.833602e-02	2.732960e-03	2.240230e-03
1.500000e+02	1.600000e+02	1.515629e-02	2.261110e-03	1.823470e-03
1.600000e+02	1.700000e+02	1.256602e-02	1.872760e-03	1.489610e-03
1.700000e+02	1.800000e+02	1.053921e-02	1.572277e-03	1.241450e-03
1.800000e+02	1.900000e+02	8.759713e-03	1.286842e-03	9.665310e-04
1.900000e+02	2.000000e+02	7.157743e-03	9.980320e-04	6.504180e-04
# END HISTOGRAM

# BEGIN HISTOGRAM /home/marek/work/LH15/Sherpa-GoSamComparison/GoSamSimon_FixedOrder/H2j/histograms_6500_pt25.0_eta4.5_MMHT2014nlo68cl_MC_HJETS_LH15-jpt30_je4.4_R0.4/m1hthat-env-l_s0-NLO.yoda/MC_HJETS_LH15/jet1_pT_incl
ErrorBandColor=orange
ErrorBandOpacity=0.3
ErrorBands=1
ErrorTubeLineColor=orange!80!black
ErrorTubeLineStyle=solid
ErrorTubes=1
LegendOrder=9
LineColor=orange!80!black
LineStyle=dashed
LineWidth=1.5pt
Name=gosam-h2j-nlo
Path=/home/marek/work/LH15/Sherpa-GoSamComparison/GoSamSimon_FixedOrder/H2j/histograms_6500_pt25.0_eta4.5_MMHT2014nlo68cl_MC_HJETS_LH15-jpt30_je4.4_R0.4/m1hthat-env-l_s0-NLO.yoda/MC_HJETS_LH15/jet1_pT_incl
Title=\textsc{GoSam+Sherpa} hjj NLO
# xlow	 xhigh	 val	 errminus	 errplus
0.000000e+00	5.000000e+00	0.000000e+00	0.000000e+00	0.000000e+00
5.000000e+00	1.000000e+01	0.000000e+00	0.000000e+00	0.000000e+00
1.000000e+01	1.500000e+01	0.000000e+00	0.000000e+00	0.000000e+00
1.500000e+01	2.000000e+01	0.000000e+00	0.000000e+00	0.000000e+00
2.000000e+01	2.500000e+01	0.000000e+00	0.000000e+00	0.000000e+00
2.500000e+01	3.000000e+01	0.000000e+00	0.000000e+00	0.000000e+00
3.000000e+01	3.500000e+01	2.257200e-02	4.770218e-03	4.610300e-03
3.500000e+01	4.000000e+01	4.914412e-02	1.021130e-02	9.333280e-03
4.000000e+01	4.500000e+01	6.136300e-02	1.287650e-02	1.189484e-02
4.500000e+01	5.000000e+01	6.373214e-02	1.304698e-02	1.122488e-02
5.000000e+01	5.500000e+01	6.247300e-02	1.254664e-02	1.014438e-02
5.500000e+01	6.000000e+01	5.926318e-02	1.164666e-02	8.947180e-03
6.000000e+01	6.500000e+01	5.564792e-02	1.078926e-02	7.844360e-03
6.500000e+01	7.000000e+01	5.086796e-02	9.640860e-03	6.566760e-03
7.000000e+01	7.500000e+01	4.735294e-02	9.030160e-03	6.372200e-03
7.500000e+01	8.000000e+01	4.291472e-02	8.024600e-03	5.253920e-03
8.000000e+01	8.500000e+01	3.950298e-02	7.284900e-03	4.448040e-03
8.500000e+01	9.000000e+01	3.522034e-02	6.245740e-03	3.227760e-03
9.000000e+01	9.500000e+01	3.272638e-02	5.892380e-03	3.320720e-03
9.500000e+01	1.000000e+02	2.920992e-02	5.044120e-03	2.240480e-03
1.000000e+02	1.100000e+02	2.559242e-02	4.344990e-03	1.646080e-03
1.100000e+02	1.200000e+02	2.087069e-02	3.345060e-03	7.815400e-04
1.200000e+02	1.300000e+02	1.760924e-02	2.792280e-03	5.556800e-04
1.300000e+02	1.400000e+02	1.471534e-02	2.274440e-03	3.092200e-04
1.400000e+02	1.500000e+02	1.225101e-02	1.798280e-03	0.000000e+00
1.500000e+02	1.600000e+02	1.043559e-02	1.494382e-03	0.000000e+00
1.600000e+02	1.700000e+02	8.701866e-03	1.178543e-03	0.000000e+00
1.700000e+02	1.800000e+02	7.518935e-03	1.010794e-03	0.000000e+00
1.800000e+02	1.900000e+02	6.342829e-03	8.017980e-04	0.000000e+00
1.900000e+02	2.000000e+02	5.582349e-03	7.154490e-04	0.000000e+00
# END HISTOGRAM

# BEGIN HISTOGRAM /home/marek/work/LH15/Sherpa-GoSamComparison/GoSamSimon_FixedOrder/H3j/histograms_6500_pt25.0_eta4.5_MMHT2014nlo68cl_MC_HJETS_LH15-jpt30_je4.4_R0.4/m1hthat-env-l_s0-NLO.yoda/MC_HJETS_LH15/jet1_pT_incl
ErrorBandColor=red
ErrorBandOpacity=0.3
ErrorBands=1
ErrorTubeLineColor=red!80!black
ErrorTubeLineStyle=solid
ErrorTubes=1
LegendOrder=10
LineColor=red!80!black
LineStyle=dashed
LineWidth=1.5pt
Name=gosam-h3j-nlo
Path=/home/marek/work/LH15/Sherpa-GoSamComparison/GoSamSimon_FixedOrder/H3j/histograms_6500_pt25.0_eta4.5_MMHT2014nlo68cl_MC_HJETS_LH15-jpt30_je4.4_R0.4/m1hthat-env-l_s0-NLO.yoda/MC_HJETS_LH15/jet1_pT_incl
Title=\textsc{GoSam+Sherpa} hjjj NLO
# xlow	 xhigh	 val	 errminus	 errplus
0.000000e+00	5.000000e+00	0.000000e+00	0.000000e+00	0.000000e+00
5.000000e+00	1.000000e+01	0.000000e+00	0.000000e+00	0.000000e+00
1.000000e+01	1.500000e+01	0.000000e+00	0.000000e+00	0.000000e+00
1.500000e+01	2.000000e+01	0.000000e+00	0.000000e+00	0.000000e+00
2.000000e+01	2.500000e+01	0.000000e+00	0.000000e+00	0.000000e+00
2.500000e+01	3.000000e+01	0.000000e+00	0.000000e+00	0.000000e+00
3.000000e+01	3.500000e+01	1.151485e-03	3.614650e-04	4.226948e-04
3.500000e+01	4.000000e+01	4.618562e-03	1.284942e-03	1.183502e-03
4.000000e+01	4.500000e+01	8.462522e-03	2.310488e-03	2.120644e-03
4.500000e+01	5.000000e+01	1.099601e-02	2.919820e-03	2.599232e-03
5.000000e+01	5.500000e+01	1.252423e-02	3.150326e-03	2.326184e-03
5.500000e+01	6.000000e+01	1.384831e-02	3.491568e-03	2.642250e-03
6.000000e+01	6.500000e+01	1.390252e-02	3.324922e-03	2.213736e-03
6.500000e+01	7.000000e+01	1.447875e-02	3.510576e-03	2.310626e-03
7.000000e+01	7.500000e+01	1.380667e-02	3.234438e-03	1.693266e-03
7.500000e+01	8.000000e+01	1.360065e-02	3.154446e-03	1.653640e-03
8.000000e+01	8.500000e+01	1.310811e-02	3.049118e-03	1.590242e-03
8.500000e+01	9.000000e+01	1.224564e-02	2.741128e-03	1.047928e-03
9.000000e+01	9.500000e+01	1.144041e-02	2.464934e-03	8.242400e-04
9.500000e+01	1.000000e+02	1.067650e-02	2.273100e-03	4.572640e-04
1.000000e+02	1.100000e+02	1.005547e-02	2.153510e-03	4.344800e-04
1.100000e+02	1.200000e+02	8.680827e-03	1.761928e-03	1.130070e-04
1.200000e+02	1.300000e+02	7.540348e-03	1.464417e-03	0.000000e+00
1.300000e+02	1.400000e+02	6.725743e-03	1.291833e-03	0.000000e+00
1.400000e+02	1.500000e+02	5.790580e-03	1.056095e-03	0.000000e+00
1.500000e+02	1.600000e+02	4.902024e-03	8.357830e-04	0.000000e+00
1.600000e+02	1.700000e+02	4.186043e-03	6.659670e-04	0.000000e+00
1.700000e+02	1.800000e+02	3.946316e-03	6.801640e-04	0.000000e+00
1.800000e+02	1.900000e+02	3.339132e-03	5.436630e-04	0.000000e+00
1.900000e+02	2.000000e+02	3.030272e-03	4.971970e-04	0.000000e+00
# END HISTOGRAM

# BEGIN HISTOGRAM /home/marek/work/LH15/Sherpa-GoSamComparison/GoSamSimon_LoopSim/H1j/histograms_6500_pt25.0_eta4.5_MMHT2014nnlo68cl_MC_HJETS_LH15-jpt30_je4.4_R0.4/m1hthat-env-l_s0-LS-nNLO.yoda/MC_HJETS_LH15/jet1_pT_incl
ErrorBandColor=yellow
ErrorBandOpacity=0.2
ErrorBands=1
ErrorTubeLineColor=yellow!50!black
ErrorTubeLineStyle=solid
ErrorTubes=1
LegendOrder=11
LineColor=yellow!50!black
LineStyle=dashdotted
LineWidth=1.5pt
Name=gosam-h1j-loopsim
Path=/home/marek/work/LH15/Sherpa-GoSamComparison/GoSamSimon_LoopSim/H1j/histograms_6500_pt25.0_eta4.5_MMHT2014nnlo68cl_MC_HJETS_LH15-jpt30_je4.4_R0.4/m1hthat-env-l_s0-LS-nNLO.yoda/MC_HJETS_LH15/jet1_pT_incl
Title=\textsc{GoSam+Sherpa} hj nNLO
# xlow	 xhigh	 val	 errminus	 errplus
0.000000e+00	5.000000e+00	0.000000e+00	0.000000e+00	0.000000e+00
5.000000e+00	1.000000e+01	0.000000e+00	0.000000e+00	0.000000e+00
1.000000e+01	1.500000e+01	0.000000e+00	0.000000e+00	0.000000e+00
1.500000e+01	2.000000e+01	0.000000e+00	0.000000e+00	0.000000e+00
2.000000e+01	2.500000e+01	0.000000e+00	0.000000e+00	0.000000e+00
2.500000e+01	3.000000e+01	0.000000e+00	0.000000e+00	0.000000e+00
3.000000e+01	3.500000e+01	4.208564e-01	6.298720e-02	6.313120e-02
3.500000e+01	4.000000e+01	3.362360e-01	4.971720e-02	4.756720e-02
4.000000e+01	4.500000e+01	2.787024e-01	4.217300e-02	4.110820e-02
4.500000e+01	5.000000e+01	2.240646e-01	3.240188e-02	2.881280e-02
5.000000e+01	5.500000e+01	1.918082e-01	2.935094e-02	2.886278e-02
5.500000e+01	6.000000e+01	1.597767e-01	2.440686e-02	2.366490e-02
6.000000e+01	6.500000e+01	1.345216e-01	2.055450e-02	1.994808e-02
6.500000e+01	7.000000e+01	1.118312e-01	1.659362e-02	1.544494e-02
7.000000e+01	7.500000e+01	9.512416e-02	1.394750e-02	1.283624e-02
7.500000e+01	8.000000e+01	8.189724e-02	1.204298e-02	1.102122e-02
8.000000e+01	8.500000e+01	7.045734e-02	1.004976e-02	8.661940e-03
8.500000e+01	9.000000e+01	6.113688e-02	8.690460e-03	7.454000e-03
9.000000e+01	9.500000e+01	5.495450e-02	8.237140e-03	7.949500e-03
9.500000e+01	1.000000e+02	4.645008e-02	6.473200e-03	5.107800e-03
1.000000e+02	1.100000e+02	3.980820e-02	5.757320e-03	4.882480e-03
1.100000e+02	1.200000e+02	3.083548e-02	4.335190e-03	3.624380e-03
1.200000e+02	1.300000e+02	2.431104e-02	3.324100e-03	2.702950e-03
1.300000e+02	1.400000e+02	1.896798e-02	2.452920e-03	1.641650e-03
1.400000e+02	1.500000e+02	1.598214e-02	2.186590e-03	1.667550e-03
1.500000e+02	1.600000e+02	1.277800e-02	1.630370e-03	9.823600e-04
1.600000e+02	1.700000e+02	1.083140e-02	1.451243e-03	9.575500e-04
1.700000e+02	1.800000e+02	8.988133e-03	1.190669e-03	8.870100e-04
1.800000e+02	1.900000e+02	8.032007e-03	1.182976e-03	1.031263e-03
1.900000e+02	2.000000e+02	6.624738e-03	9.549040e-04	7.559260e-04
# END HISTOGRAM

# BEGIN HISTOGRAM /home/marek/work/LH15/Sherpa-GoSamComparison/GoSamSimon_LoopSim/H2j/histograms_6500_pt25.0_eta4.5_MMHT2014nnlo68cl_MC_HJETS_LH15-jpt30_je4.4_R0.4/m1hthat-env-l_s0-LS-nNLO.yoda/MC_HJETS_LH15/jet1_pT_incl
ErrorBandColor=orange
ErrorBandOpacity=0.2
ErrorBands=1
ErrorTubeLineColor=orange!80!black
ErrorTubeLineStyle=solid
ErrorTubes=1
LegendOrder=12
LineColor=orange!80!black
LineStyle=dashdotted
LineWidth=1.5pt
Name=gosam-h2j-loopsim
Path=/home/marek/work/LH15/Sherpa-GoSamComparison/GoSamSimon_LoopSim/H2j/histograms_6500_pt25.0_eta4.5_MMHT2014nnlo68cl_MC_HJETS_LH15-jpt30_je4.4_R0.4/m1hthat-env-l_s0-LS-nNLO.yoda/MC_HJETS_LH15/jet1_pT_incl
Title=\textsc{GoSam+Sherpa} hjj nNLO
# xlow	 xhigh	 val	 errminus	 errplus
0.000000e+00	5.000000e+00	0.000000e+00	0.000000e+00	0.000000e+00
5.000000e+00	1.000000e+01	0.000000e+00	0.000000e+00	0.000000e+00
1.000000e+01	1.500000e+01	0.000000e+00	0.000000e+00	0.000000e+00
1.500000e+01	2.000000e+01	0.000000e+00	0.000000e+00	0.000000e+00
2.000000e+01	2.500000e+01	0.000000e+00	0.000000e+00	0.000000e+00
2.500000e+01	3.000000e+01	0.000000e+00	0.000000e+00	0.000000e+00
3.000000e+01	3.500000e+01	2.263644e-02	4.636652e-03	4.248960e-03
3.500000e+01	4.000000e+01	4.891552e-02	9.682840e-03	7.925760e-03
4.000000e+01	4.500000e+01	6.204442e-02	1.268076e-02	1.098718e-02
4.500000e+01	5.000000e+01	6.256020e-02	1.188314e-02	8.430960e-03
5.000000e+01	5.500000e+01	6.103430e-02	1.142836e-02	7.546160e-03
5.500000e+01	6.000000e+01	5.755750e-02	1.068606e-02	6.965960e-03
6.000000e+01	6.500000e+01	5.308424e-02	9.606360e-03	5.554220e-03
6.500000e+01	7.000000e+01	4.807372e-02	8.598060e-03	5.041620e-03
7.000000e+01	7.500000e+01	4.477856e-02	8.168980e-03	4.799600e-03
7.500000e+01	8.000000e+01	4.028782e-02	7.029620e-03	4.204000e-03
8.000000e+01	8.500000e+01	3.470470e-02	5.477180e-03	1.619980e-03
8.500000e+01	9.000000e+01	3.145822e-02	4.932360e-03	1.124440e-03
9.000000e+01	9.500000e+01	2.984380e-02	4.960720e-03	1.816780e-03
9.500000e+01	1.000000e+02	2.580028e-02	3.963100e-03	4.446600e-04
1.000000e+02	1.100000e+02	2.216075e-02	3.213950e-03	0.000000e+00
1.100000e+02	1.200000e+02	1.812817e-02	2.562510e-03	0.000000e+00
1.200000e+02	1.300000e+02	1.522883e-02	2.069560e-03	0.000000e+00
1.300000e+02	1.400000e+02	1.220611e-02	1.421510e-03	0.000000e+00
1.400000e+02	1.500000e+02	1.038257e-02	1.250652e-03	0.000000e+00
1.500000e+02	1.600000e+02	8.926811e-03	1.072254e-03	0.000000e+00
1.600000e+02	1.700000e+02	7.251542e-03	8.451400e-04	0.000000e+00
1.700000e+02	1.800000e+02	6.343463e-03	7.120690e-04	0.000000e+00
1.800000e+02	1.900000e+02	4.916781e-03	1.068021e-03	0.000000e+00
1.900000e+02	2.000000e+02	4.833407e-03	6.396240e-04	0.000000e+00
# END HISTOGRAM

