# BEGIN PLOT
DrawOnly=hqt nnlo-h nnlo-hj powheg madgraph sherpa herwig hej gosam-h1j-nlo gosam-h1j-loopsim gosam-h2j-nlo gosam-h2j-loopsim gosam-h3j-nlo 
Legend=1
LegendXPos=0.45
LogY=1
PlotSize=10,8
RatioPlot=0
RatioPlot1=1
RatioPlot1DrawOnly=powheg madgraph sherpa herwig hej
RatioPlot1Reference=powheg
RatioPlot1SameStyle=1
RatioPlot1YLabel=Ratio to \texttt{Powheg}
RatioPlot1YMajorTickMarks=5
RatioPlot1YMax=1.9999
RatioPlot1YMin=0.0001
RatioPlot1YSize=4
RatioPlot2=1
RatioPlot2DrawOnly=hqt nnlo-hj nnlo-h powheg gosam-h1j-nlo gosam-h1j-loopsim gosam-h2j-nlo gosam-h2j-loopsim gosam-h3j-nlo 
RatioPlot2Reference=nnlo-hj
RatioPlot2SameStyle=1
RatioPlot2YLabel=Ratio to hj \textsc{Nnlo}
RatioPlot2YMajorTickMarks=5
RatioPlot2YMax=1.9999
RatioPlot2YMin=0.0001
RatioPlot2YSize=4
RatioPlotReference=/home/marek/work/LH15/Sherpa-GoSamComparison/BFGLP-NNLO/H1j_NNLO_m1sumpt2_BFGLP.yoda/MC_HJETS_LH15/H_j_pT_incl
Title=Higgs boson transverse momentum ($n_j\ge 1$)
XLabel=$p_\perp(h)$ [GeV]
XTwosidedTicks=1
YLabel=d$\sigma$/d$p_\perp$ [pb/GeV]
YTwosidedTicks=1
# END PLOT

# BEGIN HISTOGRAM /home/marek/work/LH15/Sherpa-GoSamComparison/BFGLP-NNLO/H1j_NNLO_m1sumpt2_BFGLP.yoda/MC_HJETS_LH15/H_j_pT_incl
ErrorBandColor=white!70!black
ErrorBandOpacity=0.3
ErrorBands=1
ErrorTubeLineColor=white!50!black
ErrorTubes=1
LineColor=white!50!black
LineStyle=solid
LineWidth=1.5pt
Name=nnlo-hj
Path=/home/marek/work/LH15/Sherpa-GoSamComparison/BFGLP-NNLO/H1j_NNLO_m1sumpt2_BFGLP.yoda/MC_HJETS_LH15/H_j_pT_incl
Title=BFGLP hj \textsc{Nnlo}
# xlow	 xhigh	 val	 errminus	 errplus
0.000000e+00	5.000000e+00	6.392000e-03	-1.774000e-03	-2.443000e-03
5.000000e+00	1.000000e+01	2.000900e-02	-5.145000e-03	-6.848000e-03
1.000000e+01	1.500000e+01	3.782300e-02	-9.115000e-03	-1.152200e-02
1.500000e+01	2.000000e+01	6.445300e-02	-1.436000e-02	-1.688800e-02
2.000000e+01	2.500000e+01	1.119040e-01	-2.207500e-02	-2.294500e-02
2.500000e+01	3.000000e+01	4.425600e-02	-3.437200e-02	-1.945100e-02
3.000000e+01	3.500000e+01	4.425600e-02	-3.437200e-02	-1.945100e-02
3.500000e+01	4.000000e+01	4.425600e-02	-3.437200e-02	-1.945100e-02
4.000000e+01	4.500000e+01	1.788850e-01	-3.362300e-02	-1.161100e-02
4.500000e+01	5.000000e+01	1.944350e-01	-1.518000e-02	0.000000e+00
5.000000e+01	5.500000e+01	1.902960e-01	-6.278000e-03	0.000000e+00
5.500000e+01	6.000000e+01	1.775570e-01	-9.682000e-03	-6.659000e-03
6.000000e+01	6.500000e+01	1.645400e-01	-1.433500e-02	-9.470000e-03
6.500000e+01	7.000000e+01	1.460760e-01	-1.277200e-02	-1.262400e-02
7.000000e+01	7.500000e+01	1.291380e-01	-1.196100e-02	-1.001200e-02
7.500000e+01	8.000000e+01	1.139110e-01	-1.152100e-02	-1.302000e-02
8.000000e+01	8.500000e+01	1.009410e-01	-1.162000e-02	-9.311000e-03
8.500000e+01	9.000000e+01	8.877100e-02	-9.370000e-03	-8.004000e-03
9.000000e+01	9.500000e+01	7.760400e-02	-8.131000e-03	-9.406000e-03
9.500000e+01	1.000000e+02	6.943000e-02	-7.786000e-03	-7.992000e-03
1.000000e+02	1.100000e+02	5.817650e-02	-5.961500e-03	-6.425000e-03
1.100000e+02	1.200000e+02	4.603050e-02	-4.955500e-03	-4.703500e-03
1.200000e+02	1.300000e+02	3.752350e-02	-4.492500e-03	-3.819500e-03
1.300000e+02	1.400000e+02	2.995450e-02	-3.043500e-03	-3.303500e-03
1.400000e+02	1.500000e+02	2.461200e-02	-2.665000e-03	-2.980000e-03
1.500000e+02	1.600000e+02	2.005300e-02	-2.168000e-03	-2.596000e-03
1.600000e+02	1.700000e+02	1.690200e-02	-2.169500e-03	-2.044500e-03
1.700000e+02	1.800000e+02	1.375800e-02	-1.473000e-03	-1.638500e-03
1.800000e+02	1.900000e+02	1.139900e-02	-1.077500e-03	-1.365500e-03
1.900000e+02	2.000000e+02	9.659000e-03	-9.845000e-04	-9.330000e-04
# END HISTOGRAM

# BEGIN HISTOGRAM /home/marek/work/LH15/Sherpa-GoSamComparison/PowhegNNLOPS/PowhegNNLOPS_Pythia8_M1250_MMHT14_13TeV_envelope.yoda/MC_HJETS_LH15/H_j_pT_incl
ErrorBandColor=black!30!white
ErrorBandOpacity=0.1
ErrorBandStyle=hlines
ErrorBands=1
ErrorTubeLineColor=black!40!white
ErrorTubes=1
LineColor=black
LineStyle=solid
LineWidth=1.5pt
Name=powheg
Path=/home/marek/work/LH15/Sherpa-GoSamComparison/PowhegNNLOPS/PowhegNNLOPS_Pythia8_M1250_MMHT14_13TeV_envelope.yoda/MC_HJETS_LH15/H_j_pT_incl
Scale=438.596491228
Title=\texttt{Powheg} \textsc{NnloPs}
# xlow	 xhigh	 val	 errminus	 errplus
0.000000e+00	5.000000e+00	2.144078e-05	2.460054e-06	3.680180e-06
5.000000e+00	1.000000e+01	6.372176e-05	5.596300e-06	6.254940e-06
1.000000e+01	1.500000e+01	1.066040e-04	1.049182e-05	1.219442e-05
1.500000e+01	2.000000e+01	1.569318e-04	1.653818e-05	1.834362e-05
2.000000e+01	2.500000e+01	2.105266e-04	2.235604e-05	2.468660e-05
2.500000e+01	3.000000e+01	2.742718e-04	2.961680e-05	3.244020e-05
3.000000e+01	3.500000e+01	3.547120e-04	3.935380e-05	4.143020e-05
3.500000e+01	4.000000e+01	4.238480e-04	4.830780e-05	5.007460e-05
4.000000e+01	4.500000e+01	4.688030e-04	5.429360e-05	5.574760e-05
4.500000e+01	5.000000e+01	4.745282e-04	5.624940e-05	5.643520e-05
5.000000e+01	5.500000e+01	4.616470e-04	5.633540e-05	5.429700e-05
5.500000e+01	6.000000e+01	4.350228e-04	5.426540e-05	5.111300e-05
6.000000e+01	6.500000e+01	4.035360e-04	5.262520e-05	4.681560e-05
6.500000e+01	7.000000e+01	3.591218e-04	4.890920e-05	4.400800e-05
7.000000e+01	7.500000e+01	3.269416e-04	4.684300e-05	4.279040e-05
7.500000e+01	8.000000e+01	2.842682e-04	4.193660e-05	3.719820e-05
8.000000e+01	8.500000e+01	2.542822e-04	3.902360e-05	3.449020e-05
8.500000e+01	9.000000e+01	2.214658e-04	3.456548e-05	2.897080e-05
9.000000e+01	9.500000e+01	1.992169e-04	3.285468e-05	3.034786e-05
9.500000e+01	1.000000e+02	1.752019e-04	2.963894e-05	2.678594e-05
1.000000e+02	1.100000e+02	1.449105e-04	2.535700e-05	2.267420e-05
1.100000e+02	1.200000e+02	1.157702e-04	2.101385e-05	1.879500e-05
1.200000e+02	1.300000e+02	9.021160e-05	1.676919e-05	1.774000e-05
1.300000e+02	1.400000e+02	7.245650e-05	1.351313e-05	1.498853e-05
1.400000e+02	1.500000e+02	5.814094e-05	1.099961e-05	1.213501e-05
1.500000e+02	1.600000e+02	4.774921e-05	9.081770e-06	1.021949e-05
1.600000e+02	1.700000e+02	3.985104e-05	7.633470e-06	8.464080e-06
1.700000e+02	1.800000e+02	3.160160e-05	6.050690e-06	6.578310e-06
1.800000e+02	1.900000e+02	2.683007e-05	5.160560e-06	5.648900e-06
1.900000e+02	2.000000e+02	2.241679e-05	4.337610e-06	4.742020e-06
# END HISTOGRAM

# BEGIN HISTOGRAM /home/marek/work/LH15/Sherpa-GoSamComparison/MG5aMC/MG5aMC_envelope.yoda/MC_HJETS_LH15/H_j_pT_incl
ErrorBandColor=green!50!white
ErrorBandOpacity=0.4
ErrorBandStyle=vlines
ErrorBands=1
ErrorTubeLineColor=green!70!white
ErrorTubes=1
LineColor=green!70!black
LineStyle=solid
LineWidth=1.5pt
Name=madgraph
Path=/home/marek/work/LH15/Sherpa-GoSamComparison/MG5aMC/MG5aMC_envelope.yoda/MC_HJETS_LH15/H_j_pT_incl
Title=\texttt{MG5\_aMC} \textsc{FxFx}
# xlow	 xhigh	 val	 errminus	 errplus
0.000000e+00	5.000000e+00	4.648156e-03	1.726502e-03	1.693984e-03
5.000000e+00	1.000000e+01	1.520246e-02	4.547280e-03	7.418624e-03
1.000000e+01	1.500000e+01	2.694012e-02	6.582540e-03	1.209744e-02
1.500000e+01	2.000000e+01	4.344320e-02	9.653640e-03	1.581268e-02
2.000000e+01	2.500000e+01	6.181196e-02	1.171798e-02	2.693306e-02
2.500000e+01	3.000000e+01	8.902926e-02	1.682584e-02	3.329516e-02
3.000000e+01	3.500000e+01	1.194022e-01	2.708030e-02	4.461348e-02
3.500000e+01	4.000000e+01	1.430694e-01	3.089446e-02	5.677626e-02
4.000000e+01	4.500000e+01	1.597751e-01	4.085832e-02	4.306934e-02
4.500000e+01	5.000000e+01	1.652015e-01	4.332108e-02	5.529794e-02
5.000000e+01	5.500000e+01	1.647857e-01	4.941026e-02	4.649152e-02
5.500000e+01	6.000000e+01	1.521312e-01	4.134140e-02	4.597736e-02
6.000000e+01	6.500000e+01	1.419393e-01	3.873046e-02	4.005268e-02
6.500000e+01	7.000000e+01	1.286772e-01	3.572804e-02	3.674092e-02
7.000000e+01	7.500000e+01	1.163745e-01	2.920976e-02	2.945870e-02
7.500000e+01	8.000000e+01	1.072594e-01	2.751464e-02	2.842980e-02
8.000000e+01	8.500000e+01	9.734476e-02	2.553542e-02	2.632802e-02
8.500000e+01	9.000000e+01	8.693972e-02	2.216220e-02	2.408208e-02
9.000000e+01	9.500000e+01	7.454108e-02	1.658738e-02	2.147552e-02
9.500000e+01	1.000000e+02	6.750488e-02	1.703234e-02	1.833204e-02
1.000000e+02	1.100000e+02	5.659877e-02	1.297046e-02	1.513991e-02
1.100000e+02	1.200000e+02	4.706792e-02	1.108333e-02	1.285144e-02
1.200000e+02	1.300000e+02	3.811275e-02	9.152660e-03	1.076883e-02
1.300000e+02	1.400000e+02	2.887507e-02	6.193800e-03	8.366280e-03
1.400000e+02	1.500000e+02	2.504248e-02	6.549730e-03	6.909960e-03
1.500000e+02	1.600000e+02	2.073547e-02	5.231180e-03	5.300800e-03
1.600000e+02	1.700000e+02	1.710010e-02	4.381960e-03	5.432140e-03
1.700000e+02	1.800000e+02	1.399777e-02	3.393940e-03	3.934720e-03
1.800000e+02	1.900000e+02	1.267049e-02	3.540484e-03	3.368840e-03
1.900000e+02	2.000000e+02	1.022381e-02	2.486132e-03	3.168640e-03
# END HISTOGRAM

# BEGIN HISTOGRAM /home/marek/work/LH15/Sherpa-GoSamComparison/Sherpa/pphjets-l3-n5.yoda/MC_HJETS_LH15/H_j_pT_incl
LineColor=blue!80!white
LineStyle=solid
LineWidth=1.5pt
Name=sherpa
Path=/home/marek/work/LH15/Sherpa-GoSamComparison/Sherpa/pphjets-l3-n5.yoda/MC_HJETS_LH15/H_j_pT_incl
ScaledBy=4.1520507732366236e-09
Title=\textsc{Sherpa} \textsc{MePs@Nlo}
# xlow	 xhigh	 val	 errminus	 errplus
0.000000e+00	5.000000e+00	3.284928e-03	4.351862e-04	4.351862e-04
5.000000e+00	1.000000e+01	1.271423e-02	8.851111e-04	8.851111e-04
1.000000e+01	1.500000e+01	3.348518e-02	6.555819e-04	6.555819e-04
1.500000e+01	2.000000e+01	6.728744e-02	1.467870e-03	1.467870e-03
2.000000e+01	2.500000e+01	1.109463e-01	4.799142e-03	4.799142e-03
2.500000e+01	3.000000e+01	1.508039e-01	8.078463e-03	8.078463e-03
3.000000e+01	3.500000e+01	1.983468e-01	1.798876e-03	1.798876e-03
3.500000e+01	4.000000e+01	2.172806e-01	2.496307e-03	2.496307e-03
4.000000e+01	4.500000e+01	2.239884e-01	2.568848e-03	2.568848e-03
4.500000e+01	5.000000e+01	2.274300e-01	2.242087e-03	2.242087e-03
5.000000e+01	5.500000e+01	2.162498e-01	2.733886e-03	2.733886e-03
5.500000e+01	6.000000e+01	2.031164e-01	3.207267e-03	3.207267e-03
6.000000e+01	6.500000e+01	1.745501e-01	2.344771e-03	2.344771e-03
6.500000e+01	7.000000e+01	1.515992e-01	2.296043e-03	2.296043e-03
7.000000e+01	7.500000e+01	1.371923e-01	1.902325e-03	1.902325e-03
7.500000e+01	8.000000e+01	1.203456e-01	1.753728e-03	1.753728e-03
8.000000e+01	8.500000e+01	1.046464e-01	2.063420e-03	2.063420e-03
8.500000e+01	9.000000e+01	9.185374e-02	3.216902e-03	3.216902e-03
9.000000e+01	9.500000e+01	8.097492e-02	7.267734e-03	7.267734e-03
9.500000e+01	1.000000e+02	7.701354e-02	1.821594e-03	1.821594e-03
1.000000e+02	1.100000e+02	6.450141e-02	1.853127e-03	1.853127e-03
1.100000e+02	1.200000e+02	5.333909e-02	1.860456e-03	1.860456e-03
1.200000e+02	1.300000e+02	3.964312e-02	2.439024e-03	2.439024e-03
1.300000e+02	1.400000e+02	3.205720e-02	9.337626e-04	9.337626e-04
1.400000e+02	1.500000e+02	2.416203e-02	1.491561e-03	1.491561e-03
1.500000e+02	1.600000e+02	2.285801e-02	6.222033e-04	6.222033e-04
1.600000e+02	1.700000e+02	1.832633e-02	8.134621e-04	8.134621e-04
1.700000e+02	1.800000e+02	1.068296e-02	5.127752e-03	5.127752e-03
1.800000e+02	1.900000e+02	8.347728e-03	4.374306e-03	4.374306e-03
1.900000e+02	2.000000e+02	1.202171e-02	9.139575e-04	9.139575e-04
# END HISTOGRAM

# BEGIN HISTOGRAM /home/marek/work/LH15/Sherpa-GoSamComparison/Herwig/herwig-envelope.yoda/MC_HJETS_LH15/H_j_pT_incl
ErrorBandColor=RawSienna!30!white
ErrorBandOpacity=0.4
ErrorBandStyle=crosshatch
ErrorBands=1
ErrorTubeLineColor=RawSienna!60!white
ErrorTubes=1
LineColor=RawSienna
LineStyle=solid
LineWidth=1.5pt
Name=herwig
Path=/home/marek/work/LH15/Sherpa-GoSamComparison/Herwig/herwig-envelope.yoda/MC_HJETS_LH15/H_j_pT_incl
Title=\textsc{Herwig}7
# xlow	 xhigh	 val	 errminus	 errplus
0.000000e+00	5.000000e+00	3.621862e-03	0.000000e+00	2.560780e-03
5.000000e+00	1.000000e+01	1.719754e-02	4.660328e-03	2.206080e-03
1.000000e+01	1.500000e+01	2.517274e-02	0.000000e+00	6.198760e-03
1.500000e+01	2.000000e+01	4.767594e-02	0.000000e+00	7.218160e-03
2.000000e+01	2.500000e+01	9.243708e-02	0.000000e+00	1.599974e-02
2.500000e+01	3.000000e+01	1.598603e-01	1.476300e-03	4.010060e-03
3.000000e+01	3.500000e+01	2.046052e-01	2.262644e-02	1.109060e-02
3.500000e+01	4.000000e+01	2.194498e-01	1.390480e-02	1.859360e-02
4.000000e+01	4.500000e+01	2.308380e-01	1.779440e-02	2.346040e-02
4.500000e+01	5.000000e+01	2.277656e-01	2.087780e-02	2.812560e-02
5.000000e+01	5.500000e+01	2.151604e-01	2.223298e-02	2.229680e-02
5.500000e+01	6.000000e+01	1.786578e-01	8.958800e-03	3.733662e-02
6.000000e+01	6.500000e+01	1.728466e-01	2.335030e-02	2.488540e-02
6.500000e+01	7.000000e+01	1.522449e-01	7.369154e-02	0.000000e+00
7.000000e+01	7.500000e+01	1.228519e-01	1.505392e-02	2.668706e-02
7.500000e+01	8.000000e+01	1.140539e-01	1.454364e-02	1.705860e-02
8.000000e+01	8.500000e+01	1.011674e-01	1.677846e-02	1.344986e-02
8.500000e+01	9.000000e+01	8.224984e-02	9.065740e-03	1.584732e-02
9.000000e+01	9.500000e+01	7.181746e-02	7.489300e-03	3.123206e-02
9.500000e+01	1.000000e+02	7.067904e-02	2.015622e-02	1.046664e-02
1.000000e+02	1.100000e+02	5.663017e-02	8.754400e-03	6.378810e-03
1.100000e+02	1.200000e+02	4.187731e-02	5.488370e-03	8.776360e-03
1.200000e+02	1.300000e+02	3.264955e-02	2.723050e-03	9.788000e-03
1.300000e+02	1.400000e+02	2.713320e-02	3.816160e-03	5.684390e-03
1.400000e+02	1.500000e+02	2.350360e-02	5.102520e-03	2.784820e-03
1.500000e+02	1.600000e+02	1.725186e-02	1.226150e-03	5.250180e-03
1.600000e+02	1.700000e+02	1.499130e-02	2.508910e-03	2.238800e-03
1.700000e+02	1.800000e+02	1.271943e-02	1.932860e-03	1.470030e-03
1.800000e+02	1.900000e+02	1.081841e-02	3.422968e-03	1.035330e-03
1.900000e+02	2.000000e+02	8.064947e-03	5.334150e-04	2.199323e-03
# END HISTOGRAM

# BEGIN HISTOGRAM /home/marek/work/LH15/Sherpa-GoSamComparison/HEJ/HEJ_envelope.yoda/MC_HJETS_LH15/H_j_pT_incl
LineColor=purple!70!black
LineStyle=dotted
LineWidth=2pt
Name=hej
Path=/home/marek/work/LH15/Sherpa-GoSamComparison/HEJ/HEJ_envelope.yoda/MC_HJETS_LH15/H_j_pT_incl
Scale=438.596491228
ScaledBy=0.001017293997965412
Title=\textsc{Hej}
# xlow	 xhigh	 val	 errminus	 errplus
0.000000e+00	5.000000e+00	3.457380e-06	1.127014e-08	1.127014e-08
5.000000e+00	1.000000e+01	9.745558e-06	4.255446e-08	4.255446e-08
1.000000e+01	1.500000e+01	1.501157e-05	4.113133e-08	4.113133e-08
1.500000e+01	2.000000e+01	1.954632e-05	6.591349e-08	6.591349e-08
2.000000e+01	2.500000e+01	2.355464e-05	1.180200e-07	1.180200e-07
2.500000e+01	3.000000e+01	2.682948e-05	1.163665e-07	1.163665e-07
3.000000e+01	3.500000e+01	2.968186e-05	9.217321e-08	9.217321e-08
3.500000e+01	4.000000e+01	3.258670e-05	1.525341e-07	1.525341e-07
4.000000e+01	4.500000e+01	3.481610e-05	1.199942e-07	1.199942e-07
4.500000e+01	5.000000e+01	3.720216e-05	1.573543e-07	1.573543e-07
5.000000e+01	5.500000e+01	3.951596e-05	1.578470e-07	1.578470e-07
5.500000e+01	6.000000e+01	4.265422e-05	1.672485e-07	1.672485e-07
6.000000e+01	6.500000e+01	4.730164e-05	1.598255e-07	1.598255e-07
6.500000e+01	7.000000e+01	5.088276e-05	1.292347e-07	1.292347e-07
7.000000e+01	7.500000e+01	5.282216e-05	1.716094e-07	1.716094e-07
7.500000e+01	8.000000e+01	5.289448e-05	1.440559e-07	1.440559e-07
8.000000e+01	8.500000e+01	5.188214e-05	9.910962e-08	9.910962e-08
8.500000e+01	9.000000e+01	5.028132e-05	9.880988e-08	9.880988e-08
9.000000e+01	9.500000e+01	4.868884e-05	9.511469e-08	9.511469e-08
9.500000e+01	1.000000e+02	4.656820e-05	9.553452e-08	9.553452e-08
1.000000e+02	1.100000e+02	4.309391e-05	5.517444e-08	5.517444e-08
1.100000e+02	1.200000e+02	3.858175e-05	5.191788e-08	5.191788e-08
1.200000e+02	1.300000e+02	3.427439e-05	5.598427e-08	5.598427e-08
1.300000e+02	1.400000e+02	3.027587e-05	5.658843e-08	5.658843e-08
1.400000e+02	1.500000e+02	2.672452e-05	2.931110e-08	2.931110e-08
1.500000e+02	1.600000e+02	2.368092e-05	4.726227e-08	4.726227e-08
1.600000e+02	1.700000e+02	2.085302e-05	3.647159e-08	3.647159e-08
1.700000e+02	1.800000e+02	1.849900e-05	3.931449e-08	3.931449e-08
1.800000e+02	1.900000e+02	1.633772e-05	3.369825e-08	3.369825e-08
1.900000e+02	2.000000e+02	1.453846e-05	2.854065e-08	2.854065e-08
# END HISTOGRAM

# BEGIN HISTOGRAM /home/marek/work/LH15/Sherpa-GoSamComparison/GoSamSimon_FixedOrder/H1j/histograms_6500_pt25.0_eta4.5_MMHT2014nlo68cl_MC_HJETS_LH15-jpt30_je4.4_R0.4/m1hthat-env-l_s0-NLO.yoda/MC_HJETS_LH15/H_j_pT_incl
ErrorBandColor=yellow
ErrorBandOpacity=0.3
ErrorBands=1
ErrorTubeLineColor=yellow!50!black
ErrorTubeLineStyle=solid
ErrorTubes=1
LineColor=yellow!50!black
LineStyle=dashed
LineWidth=1.5pt
Name=gosam-h1j-nlo
Path=/home/marek/work/LH15/Sherpa-GoSamComparison/GoSamSimon_FixedOrder/H1j/histograms_6500_pt25.0_eta4.5_MMHT2014nlo68cl_MC_HJETS_LH15-jpt30_je4.4_R0.4/m1hthat-env-l_s0-NLO.yoda/MC_HJETS_LH15/H_j_pT_incl
Title=\textsc{GoSam+Sherpa} hj NLO
# xlow	 xhigh	 val	 errminus	 errplus
0.000000e+00	5.000000e+00	3.074826e-03	1.066390e-03	1.822972e-03
5.000000e+00	1.000000e+01	1.096428e-02	3.797978e-03	6.485534e-03
1.000000e+01	1.500000e+01	2.322080e-02	8.044072e-03	1.373582e-02
1.500000e+01	2.000000e+01	4.449350e-02	1.540016e-02	2.627530e-02
2.000000e+01	2.500000e+01	8.965012e-02	3.096292e-02	5.273992e-02
2.500000e+01	3.000000e+01	3.262636e-01	1.116816e-01	1.889926e-01
3.000000e+01	3.500000e+01	-1.285082e-01	2.594554e-01	1.265123e-01
3.500000e+01	4.000000e+01	2.086380e-01	2.865140e-02	0.000000e+00
4.000000e+01	4.500000e+01	2.394800e-01	2.854560e-02	1.745660e-02
4.500000e+01	5.000000e+01	2.293078e-01	3.463936e-02	3.311400e-02
5.000000e+01	5.500000e+01	2.091080e-01	3.506242e-02	3.793380e-02
5.500000e+01	6.000000e+01	1.861938e-01	3.309552e-02	3.801220e-02
6.000000e+01	6.500000e+01	1.601314e-01	2.871696e-02	3.298312e-02
6.500000e+01	7.000000e+01	1.388357e-01	2.522224e-02	2.919252e-02
7.000000e+01	7.500000e+01	1.199194e-01	2.184354e-02	2.521618e-02
7.500000e+01	8.000000e+01	1.039070e-01	1.890292e-02	2.168830e-02
8.000000e+01	8.500000e+01	9.148396e-02	1.677140e-02	1.931726e-02
8.500000e+01	9.000000e+01	8.037310e-02	1.478178e-02	1.703024e-02
9.000000e+01	9.500000e+01	7.042086e-02	1.290216e-02	1.477112e-02
9.500000e+01	1.000000e+02	6.179174e-02	1.125382e-02	1.275682e-02
1.000000e+02	1.100000e+02	5.222903e-02	9.597750e-03	1.094351e-02
1.100000e+02	1.200000e+02	4.155788e-02	7.645350e-03	8.699880e-03
1.200000e+02	1.300000e+02	3.325992e-02	6.093730e-03	6.865820e-03
1.300000e+02	1.400000e+02	2.684699e-02	4.898900e-03	5.464430e-03
1.400000e+02	1.500000e+02	2.192054e-02	3.990480e-03	4.401900e-03
1.500000e+02	1.600000e+02	1.808709e-02	3.299270e-03	3.622830e-03
1.600000e+02	1.700000e+02	1.498231e-02	2.729680e-03	2.975100e-03
1.700000e+02	1.800000e+02	1.235519e-02	2.218520e-03	2.364110e-03
1.800000e+02	1.900000e+02	1.042021e-02	1.880879e-03	1.999340e-03
1.900000e+02	2.000000e+02	8.907396e-03	1.619719e-03	1.726084e-03
# END HISTOGRAM

# BEGIN HISTOGRAM /home/marek/work/LH15/Sherpa-GoSamComparison/GoSamSimon_FixedOrder/H2j/histograms_6500_pt25.0_eta4.5_MMHT2014nlo68cl_MC_HJETS_LH15-jpt30_je4.4_R0.4/m1hthat-env-l_s0-NLO.yoda/MC_HJETS_LH15/H_j_pT_incl
ErrorBandColor=orange
ErrorBandOpacity=0.3
ErrorBands=1
ErrorTubeLineColor=orange!80!black
ErrorTubeLineStyle=solid
ErrorTubes=1
LineColor=orange!80!black
LineStyle=dashed
LineWidth=1.5pt
Name=gosam-h2j-nlo
Path=/home/marek/work/LH15/Sherpa-GoSamComparison/GoSamSimon_FixedOrder/H2j/histograms_6500_pt25.0_eta4.5_MMHT2014nlo68cl_MC_HJETS_LH15-jpt30_je4.4_R0.4/m1hthat-env-l_s0-NLO.yoda/MC_HJETS_LH15/H_j_pT_incl
Title=\textsc{GoSam+Sherpa} hjj NLO
# xlow	 xhigh	 val	 errminus	 errplus
0.000000e+00	5.000000e+00	2.728802e-03	3.098600e-04	0.000000e+00
5.000000e+00	1.000000e+01	9.021968e-03	1.569708e-03	8.021980e-04
1.000000e+01	1.500000e+01	1.382668e-02	2.563270e-03	1.783774e-03
1.500000e+01	2.000000e+01	1.914160e-02	4.001958e-03	3.745164e-03
2.000000e+01	2.500000e+01	2.182802e-02	4.503676e-03	4.025900e-03
2.500000e+01	3.000000e+01	2.451142e-02	5.139386e-03	4.690220e-03
3.000000e+01	3.500000e+01	2.616798e-02	5.471460e-03	5.045260e-03
3.500000e+01	4.000000e+01	2.784516e-02	5.878280e-03	5.536820e-03
4.000000e+01	4.500000e+01	2.933002e-02	6.277180e-03	6.007640e-03
4.500000e+01	5.000000e+01	3.003060e-02	6.273720e-03	5.730500e-03
5.000000e+01	5.500000e+01	3.213680e-02	6.798580e-03	6.453400e-03
5.500000e+01	6.000000e+01	3.400060e-02	7.009240e-03	6.207800e-03
6.000000e+01	6.500000e+01	3.269804e-02	5.218740e-03	1.478620e-03
6.500000e+01	7.000000e+01	3.427930e-02	4.927560e-03	0.000000e+00
7.000000e+01	7.500000e+01	3.660856e-02	5.653760e-03	1.095380e-03
7.500000e+01	8.000000e+01	3.765236e-02	6.127080e-03	1.896180e-03
8.000000e+01	8.500000e+01	3.788944e-02	6.565860e-03	2.936260e-03
8.500000e+01	9.000000e+01	3.697770e-02	6.600320e-03	3.679520e-03
9.000000e+01	9.500000e+01	3.539256e-02	6.377980e-03	3.424080e-03
9.500000e+01	1.000000e+02	3.291124e-02	5.874360e-03	3.179560e-03
1.000000e+02	1.100000e+02	3.015179e-02	5.450360e-03	3.026750e-03
1.100000e+02	1.200000e+02	2.600084e-02	4.678730e-03	2.534090e-03
1.200000e+02	1.300000e+02	2.217599e-02	3.915040e-03	1.879870e-03
1.300000e+02	1.400000e+02	1.898407e-02	3.350880e-03	1.596610e-03
1.400000e+02	1.500000e+02	1.618929e-02	2.811290e-03	1.207590e-03
1.500000e+02	1.600000e+02	1.385789e-02	2.383650e-03	9.369700e-04
1.600000e+02	1.700000e+02	1.165271e-02	1.909780e-03	5.055800e-04
1.700000e+02	1.800000e+02	9.967726e-03	1.615825e-03	3.813340e-04
1.800000e+02	1.900000e+02	8.440128e-03	1.327631e-03	1.686360e-04
1.900000e+02	2.000000e+02	7.321267e-03	1.132533e-03	9.693000e-05
# END HISTOGRAM

# BEGIN HISTOGRAM /home/marek/work/LH15/Sherpa-GoSamComparison/GoSamSimon_FixedOrder/H3j/histograms_6500_pt25.0_eta4.5_MMHT2014nlo68cl_MC_HJETS_LH15-jpt30_je4.4_R0.4/m1hthat-env-l_s0-NLO.yoda/MC_HJETS_LH15/H_j_pT_incl
ErrorBandColor=red
ErrorBandOpacity=0.3
ErrorBands=1
ErrorTubeLineColor=red!80!black
ErrorTubeLineStyle=solid
ErrorTubes=1
LineColor=red!80!black
LineStyle=dashed
LineWidth=1.5pt
Name=gosam-h3j-nlo
Path=/home/marek/work/LH15/Sherpa-GoSamComparison/GoSamSimon_FixedOrder/H3j/histograms_6500_pt25.0_eta4.5_MMHT2014nlo68cl_MC_HJETS_LH15-jpt30_je4.4_R0.4/m1hthat-env-l_s0-NLO.yoda/MC_HJETS_LH15/H_j_pT_incl
Title=\textsc{GoSam+Sherpa} hjjj NLO
# xlow	 xhigh	 val	 errminus	 errplus
0.000000e+00	5.000000e+00	4.993426e-04	1.285174e-04	1.194774e-04
5.000000e+00	1.000000e+01	1.485896e-03	3.869026e-04	3.335330e-04
1.000000e+01	1.500000e+01	2.661838e-03	7.157330e-04	6.632660e-04
1.500000e+01	2.000000e+01	3.582380e-03	9.584280e-04	8.662780e-04
2.000000e+01	2.500000e+01	4.436374e-03	1.145744e-03	9.962840e-04
2.500000e+01	3.000000e+01	5.174230e-03	1.288764e-03	1.028284e-03
3.000000e+01	3.500000e+01	5.873134e-03	1.448362e-03	1.199668e-03
3.500000e+01	4.000000e+01	6.744460e-03	1.686534e-03	1.239090e-03
4.000000e+01	4.500000e+01	7.058594e-03	1.732356e-03	1.211408e-03
4.500000e+01	5.000000e+01	7.627942e-03	1.816720e-03	1.178310e-03
5.000000e+01	5.500000e+01	8.000358e-03	1.899686e-03	1.133458e-03
5.500000e+01	6.000000e+01	8.277280e-03	1.973466e-03	1.233644e-03
6.000000e+01	6.500000e+01	8.678342e-03	2.107416e-03	1.452702e-03
6.500000e+01	7.000000e+01	8.719474e-03	2.058444e-03	1.236286e-03
7.000000e+01	7.500000e+01	8.576276e-03	1.970952e-03	1.140014e-03
7.500000e+01	8.000000e+01	8.781410e-03	2.073556e-03	1.124010e-03
8.000000e+01	8.500000e+01	8.997522e-03	2.127360e-03	1.203264e-03
8.500000e+01	9.000000e+01	8.510896e-03	1.877642e-03	8.131060e-04
9.000000e+01	9.500000e+01	8.823214e-03	1.997232e-03	8.165020e-04
9.500000e+01	1.000000e+02	8.330216e-03	1.743962e-03	3.990340e-04
1.000000e+02	1.100000e+02	8.505041e-03	1.831264e-03	4.039990e-04
1.100000e+02	1.200000e+02	7.923738e-03	1.622693e-03	2.005640e-04
1.200000e+02	1.300000e+02	7.817237e-03	1.648226e-03	2.139770e-04
1.300000e+02	1.400000e+02	7.071947e-03	1.404135e-03	2.230000e-06
1.400000e+02	1.500000e+02	6.556237e-03	1.299171e-03	0.000000e+00
1.500000e+02	1.600000e+02	5.828291e-03	1.142489e-03	0.000000e+00
1.600000e+02	1.700000e+02	5.370120e-03	1.033135e-03	0.000000e+00
1.700000e+02	1.800000e+02	4.777543e-03	9.020630e-04	0.000000e+00
1.800000e+02	1.900000e+02	4.161773e-03	7.436690e-04	0.000000e+00
1.900000e+02	2.000000e+02	3.876425e-03	7.200190e-04	0.000000e+00
# END HISTOGRAM

# BEGIN HISTOGRAM /home/marek/work/LH15/Sherpa-GoSamComparison/GoSamSimon_LoopSim/H1j/histograms_6500_pt25.0_eta4.5_MMHT2014nnlo68cl_MC_HJETS_LH15-jpt30_je4.4_R0.4/m1hthat-env-l_s0-LS-nNLO.yoda/MC_HJETS_LH15/H_j_pT_incl
ErrorBandColor=yellow
ErrorBandOpacity=0.2
ErrorBands=1
ErrorTubeLineColor=yellow!50!black
ErrorTubeLineStyle=solid
ErrorTubes=1
LineColor=yellow!50!black
LineStyle=dashdotted
LineWidth=1.5pt
Name=gosam-h1j-loopsim
Path=/home/marek/work/LH15/Sherpa-GoSamComparison/GoSamSimon_LoopSim/H1j/histograms_6500_pt25.0_eta4.5_MMHT2014nnlo68cl_MC_HJETS_LH15-jpt30_je4.4_R0.4/m1hthat-env-l_s0-LS-nNLO.yoda/MC_HJETS_LH15/H_j_pT_incl
Title=\textsc{GoSam+Sherpa} hj nNLO
# xlow	 xhigh	 val	 errminus	 errplus
0.000000e+00	5.000000e+00	5.218680e-03	1.157732e-03	1.276632e-03
5.000000e+00	1.000000e+01	1.549384e-02	3.238672e-03	3.164202e-03
1.000000e+01	1.500000e+01	3.098608e-02	7.555200e-03	9.446120e-03
1.500000e+01	2.000000e+01	5.483438e-02	1.499212e-02	2.105896e-02
2.000000e+01	2.500000e+01	1.001924e-01	2.990286e-02	4.571186e-02
2.500000e+01	3.000000e+01	3.231164e-01	1.042494e-01	1.690950e-01
3.000000e+01	3.500000e+01	-1.287909e-01	2.333889e-01	1.174055e-01
3.500000e+01	4.000000e+01	1.828492e-01	2.272674e-02	0.000000e+00
4.000000e+01	4.500000e+01	2.138984e-01	2.647162e-02	2.204420e-02
4.500000e+01	5.000000e+01	2.043904e-01	3.184930e-02	3.530920e-02
5.000000e+01	5.500000e+01	1.894952e-01	3.322566e-02	4.082084e-02
5.500000e+01	6.000000e+01	1.587448e-01	2.540916e-02	2.720168e-02
6.000000e+01	6.500000e+01	1.396462e-01	2.251946e-02	2.377474e-02
6.500000e+01	7.000000e+01	1.247799e-01	2.082200e-02	2.246502e-02
7.000000e+01	7.500000e+01	1.101499e-01	1.882450e-02	2.059316e-02
7.500000e+01	8.000000e+01	9.738742e-02	1.677974e-02	1.826354e-02
8.000000e+01	8.500000e+01	8.504122e-02	1.467444e-02	1.607180e-02
8.500000e+01	9.000000e+01	7.770670e-02	1.387448e-02	1.579318e-02
9.000000e+01	9.500000e+01	6.808782e-02	1.205960e-02	1.326026e-02
9.500000e+01	1.000000e+02	6.086904e-02	1.101226e-02	1.258780e-02
1.000000e+02	1.100000e+02	5.050164e-02	8.854840e-03	9.712130e-03
1.100000e+02	1.200000e+02	4.048127e-02	7.063150e-03	7.548790e-03
1.200000e+02	1.300000e+02	3.309153e-02	5.880380e-03	6.403650e-03
1.300000e+02	1.400000e+02	2.594644e-02	4.421470e-03	4.527760e-03
1.400000e+02	1.500000e+02	2.181130e-02	3.806590e-03	3.918130e-03
1.500000e+02	1.600000e+02	1.829809e-02	3.242470e-03	3.397720e-03
1.600000e+02	1.700000e+02	1.521043e-02	2.662420e-03	2.677990e-03
1.700000e+02	1.800000e+02	1.220766e-02	2.055800e-03	2.000490e-03
1.800000e+02	1.900000e+02	1.048462e-02	1.816836e-03	1.827250e-03
1.900000e+02	2.000000e+02	8.685323e-03	1.448230e-03	1.387647e-03
# END HISTOGRAM

# BEGIN HISTOGRAM /home/marek/work/LH15/Sherpa-GoSamComparison/GoSamSimon_LoopSim/H2j/histograms_6500_pt25.0_eta4.5_MMHT2014nnlo68cl_MC_HJETS_LH15-jpt30_je4.4_R0.4/m1hthat-env-l_s0-LS-nNLO.yoda/MC_HJETS_LH15/H_j_pT_incl
ErrorBandColor=orange
ErrorBandOpacity=0.2
ErrorBands=1
ErrorTubeLineColor=orange!80!black
ErrorTubeLineStyle=solid
ErrorTubes=1
LineColor=orange!80!black
LineStyle=dashdotted
LineWidth=1.5pt
Name=gosam-h2j-loopsim
Path=/home/marek/work/LH15/Sherpa-GoSamComparison/GoSamSimon_LoopSim/H2j/histograms_6500_pt25.0_eta4.5_MMHT2014nnlo68cl_MC_HJETS_LH15-jpt30_je4.4_R0.4/m1hthat-env-l_s0-LS-nNLO.yoda/MC_HJETS_LH15/H_j_pT_incl
Title=\textsc{GoSam+Sherpa} hjj nNLO
# xlow	 xhigh	 val	 errminus	 errplus
0.000000e+00	5.000000e+00	2.332354e-03	2.666980e-04	0.000000e+00
5.000000e+00	1.000000e+01	7.930908e-03	1.263120e-03	5.489560e-04
1.000000e+01	1.500000e+01	1.278652e-02	2.356418e-03	1.706960e-03
1.500000e+01	2.000000e+01	1.749815e-02	3.533172e-03	3.272294e-03
2.000000e+01	2.500000e+01	1.963036e-02	3.795444e-03	3.122238e-03
2.500000e+01	3.000000e+01	2.206532e-02	4.270088e-03	3.398820e-03
3.000000e+01	3.500000e+01	2.431682e-02	4.787452e-03	3.822340e-03
3.500000e+01	4.000000e+01	2.630394e-02	5.338960e-03	4.574720e-03
4.000000e+01	4.500000e+01	2.693424e-02	5.270260e-03	4.376920e-03
4.500000e+01	5.000000e+01	2.756936e-02	5.213400e-03	3.831320e-03
5.000000e+01	5.500000e+01	3.002638e-02	5.931640e-03	4.797360e-03
5.500000e+01	6.000000e+01	3.150160e-02	6.006220e-03	4.567460e-03
6.000000e+01	6.500000e+01	2.989182e-02	4.228700e-03	1.122600e-04
6.500000e+01	7.000000e+01	3.139882e-02	4.064560e-03	0.000000e+00
7.000000e+01	7.500000e+01	3.294172e-02	4.567340e-03	0.000000e+00
7.500000e+01	8.000000e+01	3.410596e-02	5.045540e-03	7.082800e-04
8.000000e+01	8.500000e+01	3.504076e-02	5.725160e-03	1.497040e-03
8.500000e+01	9.000000e+01	3.297306e-02	5.190760e-03	1.805060e-03
9.000000e+01	9.500000e+01	3.246476e-02	5.425600e-03	2.084720e-03
9.500000e+01	1.000000e+02	2.941608e-02	4.594120e-03	1.315740e-03
1.000000e+02	1.100000e+02	2.701125e-02	4.287010e-03	1.321250e-03
1.100000e+02	1.200000e+02	2.368195e-02	3.850280e-03	1.210360e-03
1.200000e+02	1.300000e+02	2.041489e-02	3.250940e-03	9.223100e-04
1.300000e+02	1.400000e+02	1.743246e-02	2.810380e-03	6.796900e-04
1.400000e+02	1.500000e+02	1.471237e-02	2.214250e-03	3.301300e-04
1.500000e+02	1.600000e+02	1.292479e-02	2.018500e-03	3.392600e-04
1.600000e+02	1.700000e+02	1.118894e-02	1.767627e-03	2.840900e-04
1.700000e+02	1.800000e+02	9.270958e-03	1.352593e-03	0.000000e+00
1.800000e+02	1.900000e+02	7.828881e-03	1.090264e-03	0.000000e+00
1.900000e+02	2.000000e+02	6.895739e-03	9.619620e-04	0.000000e+00
# END HISTOGRAM

